0.997188 9.9991E-05 0.00271219
0.977019 0.0228806 9.9991E-05
0.9998 9.999E-05 9.999E-05
0.994638 9.9991E-05 0.00526237
0.9998 9.999E-05 9.999E-05
0.9998 9.999E-05 9.999E-05
0.9998 9.999E-05 9.999E-05
0.9998 9.999E-05 9.999E-05
0.95133 0.0485703 9.9991E-05
0.922225 0.0776754 9.9991E-05
0.926037 0.0738627 9.9991E-05
0.968556 0.0313436 9.9991E-05
0.9998 9.999E-05 9.999E-05
0.931139 0.0687612 9.9991E-05
0.9998 9.999E-05 9.999E-05
0.9998 9.999E-05 9.999E-05
0.0612524 0.834711 0.104036
0.135609 0.680201 0.18419
0.0956635 0.89846 0.00587674
0.00204589 0.992376 0.00557835
0.0914375 0.908463 9.9991E-05
0.21251 0.711043 0.076447
0.258544 0.665437 0.076019
9.9991E-05 0.922946 0.0769541
0.0162259 0.739289 0.244485
0.0672451 0.932655 9.9991E-05
0.275256 0.463548 0.261196
0.129648 0.870252 9.9991E-05
0.0102951 0.985029 0.00467609
0.0517501 0.912374 0.0358759
9.9991E-05 0.836892 0.163008
0.141379 0.646067 0.212554
0.143345 0.625742 0.230913
0.143036 0.796472 0.0604919
9.9991E-05 0.0145161 0.985384
9.999E-05 9.999E-05 0.9998
9.9991E-05 0.000765162 0.999135
9.999E-05 9.999E-05 0.9998
9.9991E-05 0.00816447 0.991736
9.9991E-05 0.0149516 0.984948
9.9991E-05 0.0175673 0.982333
9.999E-05 9.999E-05 0.9998
9.999E-05 9.999E-05 0.9998
9.9991E-05 0.00306086 0.996839
9.9991E-05 0.0123384 0.987562
9.999E-05 9.999E-05 0.9998
9.9991E-05 0.029326 0.970574
9.9991E-05 0.123791 0.876109
9.999E-05 9.999E-05 0.9998
9.999E-05 9.999E-05 0.9998
