0.982097 0.014179 0.00362413 9.9991E-05
0.962654 9.9982E-05 0.037146 9.9982E-05
0.9997 9.998E-05 9.998E-05 9.998E-05
0.968071 9.9982E-05 0.0317288 9.9982E-05
0.9997 9.998E-05 9.998E-05 9.998E-05
0.996935 0.00286534 9.9982E-05 9.9982E-05
0.9997 9.998E-05 9.998E-05 9.998E-05
0.9997 9.998E-05 9.998E-05 9.998E-05
0.947056 9.9982E-05 9.9982E-05 0.052744
0.926846 9.9982E-05 9.9982E-05 0.0729537
0.895237 9.9982E-05 9.9982E-05 0.104563
0.977925 9.9982E-05 9.9982E-05 0.0218753
0.9997 9.998E-05 9.998E-05 9.998E-05
0.957634 9.9991E-05 0.0223852 0.019881
0.9997 9.998E-05 9.998E-05 9.998E-05
0.9997 9.998E-05 9.998E-05 9.998E-05
9.998E-05 9.998E-05 0.9997 9.998E-05
0.112262 0.14761 0.475407 0.264721
0.0698353 0.00332733 0.0428107 0.884027
9.998E-05 9.998E-05 0.9997 9.998E-05
0.0612951 9.9991E-05 0.0691668 0.869438
0.168281 0.0310484 0.792011 0.00865954
0.257074 0.0407486 0.570736 0.131441
9.9991E-05 0.0214592 0.490064 0.488377
9.9991E-05 0.179714 0.816349 0.00383679
0.0214623 9.9991E-05 0.354282 0.624156
0.257167 0.265419 0.077346 0.400068
0.0524591 9.9982E-05 9.9982E-05 0.947341
9.9982E-05 9.9982E-05 0.682996 0.316804
9.9982E-05 9.9982E-05 0.724319 0.275481
9.9982E-05 0.116248 9.9982E-05 0.883552
0.107369 0.201668 9.9991E-05 0.690863
0.0974605 0.217474 0.309172 0.375893
0.125536 0.0289559 0.158776 0.686732
0.00802163 0.96298 9.9991E-05 0.0288979
9.998E-05 0.9997 9.998E-05 9.998E-05
9.9982E-05 0.983031 9.9982E-05 0.0167692
9.998E-05 0.9997 9.998E-05 9.998E-05
9.9982E-05 0.976109 0.0236912 9.9982E-05
9.9982E-05 0.942122 0.0576785 9.9982E-05
9.9982E-05 0.931884 0.0679159 9.9982E-05
9.998E-05 0.9997 9.998E-05 9.998E-05
9.998E-05 0.9997 9.998E-05 9.998E-05
9.9982E-05 0.979915 9.9982E-05 0.0198849
9.9982E-05 0.975519 0.0242806 9.9982E-05
9.998E-05 0.9997 9.998E-05 9.998E-05
9.9982E-05 0.985208 9.9982E-05 0.0145919
9.9982E-05 0.858332 9.9982E-05 0.141468
9.998E-05 0.9997 9.998E-05 9.998E-05
9.998E-05 0.9997 9.998E-05 9.998E-05
