0.00357841 0.996222 9.9982E-05 9.9982E-05
0.0266939 0.973106 9.9982E-05 9.9982E-05
9.998E-05 0.9997 9.998E-05 9.998E-05
0.00575378 0.994046 9.9982E-05 9.9982E-05
9.998E-05 0.9997 9.998E-05 9.998E-05
9.998E-05 0.9997 9.998E-05 9.998E-05
9.998E-05 0.9997 9.998E-05 9.998E-05
9.998E-05 0.9997 9.998E-05 9.998E-05
9.9982E-05 0.951467 9.9982E-05 0.0483328
9.9982E-05 0.932573 9.9982E-05 0.0672272
0.0324043 0.925377 9.9991E-05 0.0421191
0.00993503 0.970063 9.9991E-05 0.0199023
9.9982E-05 0.98671 9.9982E-05 0.0130899
9.9982E-05 0.938774 9.9982E-05 0.0610265
9.998E-05 0.9997 9.998E-05 9.998E-05
9.998E-05 0.9997 9.998E-05 9.998E-05
0.898115 0.0353123 0.0515764 0.014996
0.346381 0.140929 0.164481 0.348209
0.0209604 0.0788512 9.9991E-05 0.900088
0.9997 9.998E-05 9.998E-05 9.998E-05
0.404318 0.0595249 9.9991E-05 0.536057
0.460883 0.190126 0.074781 0.27421
0.714691 0.258105 0.0271041 9.9991E-05
0.712484 9.9991E-05 0.0155584 0.271858
0.798813 9.9982E-05 0.200987 9.9982E-05
0.251847 0.0170152 9.9991E-05 0.731037
0.230747 0.259035 0.227057 0.283161
9.9982E-05 0.0732235 9.9982E-05 0.926577
0.732847 9.9982E-05 9.9982E-05 0.266953
0.877425 9.9982E-05 9.9982E-05 0.122376
9.9982E-05 9.9982E-05 0.0998459 0.899954
9.9991E-05 0.0511399 0.155361 0.7934
0.54058 0.111366 0.228984 0.11907
9.9991E-05 0.056885 0.00310503 0.93991
9.9991E-05 0.00191707 0.956718 0.0412649
0.00148458 0.00414445 0.994271 9.9991E-05
9.9982E-05 9.9982E-05 0.970629 0.0291713
9.998E-05 9.998E-05 0.9997 9.998E-05
0.0701103 9.9982E-05 0.92969 9.9982E-05
0.0616409 9.9982E-05 0.938159 9.9982E-05
0.0688247 9.9982E-05 0.930975 9.9982E-05
9.998E-05 9.998E-05 0.9997 9.998E-05
9.9982E-05 9.9982E-05 0.993334 0.00646628
9.9982E-05 9.9982E-05 0.934137 0.0656635
0.0304161 9.9982E-05 0.969384 9.9982E-05
9.9982E-05 0.00646309 0.993337 9.9982E-05
9.9982E-05 9.9982E-05 0.965169 0.0346306
9.9982E-05 9.9982E-05 0.849111 0.150689
9.998E-05 9.998E-05 0.9997 9.998E-05
9.998E-05 9.998E-05 0.9997 9.998E-05
