0.997631 0.00216892 9.9982E-05 9.9982E-05
0.957179 9.9991E-05 0.0111378 0.0315836
0.9997 9.998E-05 9.998E-05 9.998E-05
0.9997 9.998E-05 9.998E-05 9.998E-05
0.9997 9.998E-05 9.998E-05 9.998E-05
0.9997 9.998E-05 9.998E-05 9.998E-05
0.9997 9.998E-05 9.998E-05 9.998E-05
0.9997 9.998E-05 9.998E-05 9.998E-05
0.928106 9.9982E-05 0.0716937 9.9982E-05
0.920032 9.9991E-05 0.0556305 0.0242372
0.918496 9.9982E-05 9.9982E-05 0.0813038
0.962028 9.9982E-05 9.9982E-05 0.0377722
0.9997 9.998E-05 9.998E-05 9.998E-05
0.930872 9.9982E-05 9.9982E-05 0.0689276
0.9997 9.998E-05 9.998E-05 9.998E-05
0.9997 9.998E-05 9.998E-05 9.998E-05
9.9991E-05 0.0329337 0.959216 0.00775071
0.12983 0.161279 0.463155 0.245735
0.0427085 9.9991E-05 0.648349 0.308843
9.998E-05 9.998E-05 0.9997 9.998E-05
0.0256936 9.9982E-05 9.9982E-05 0.974106
0.111311 9.9982E-05 0.888489 9.9982E-05
0.2203 0.0593913 9.9991E-05 0.720209
9.9991E-05 0.0996691 0.045455 0.854776
9.9982E-05 0.182342 0.817459 9.9982E-05
9.998E-05 9.998E-05 9.998E-05 0.9997
0.234619 0.212233 0.553048 9.9991E-05
0.0686433 9.9982E-05 9.9982E-05 0.931157
9.9982E-05 9.9982E-05 0.461292 0.538508
9.9991E-05 0.0514378 0.300004 0.648458
9.9991E-05 0.151438 0.328845 0.519617
0.0960926 0.23381 0.0786742 0.591423
0.102552 0.246348 0.034557 0.616544
0.0730727 0.00718324 0.641428 0.278316
0.0165224 0.953477 0.0299004 9.9991E-05
9.998E-05 0.9997 9.998E-05 9.998E-05
9.9982E-05 0.991649 9.9982E-05 0.00815134
9.998E-05 0.9997 9.998E-05 9.998E-05
9.9982E-05 0.977827 0.0219727 9.9982E-05
9.9982E-05 0.979037 9.9982E-05 0.0207625
9.9982E-05 0.972584 0.0272164 9.9982E-05
9.998E-05 0.9997 9.998E-05 9.998E-05
9.998E-05 0.9997 9.998E-05 9.998E-05
9.9982E-05 0.990695 9.9982E-05 0.00910508
9.9982E-05 0.979741 9.9982E-05 0.0200595
9.998E-05 0.9997 9.998E-05 9.998E-05
9.9982E-05 0.983747 9.9982E-05 0.0160526
9.9982E-05 0.872524 9.9982E-05 0.127276
9.998E-05 0.9997 9.998E-05 9.998E-05
9.998E-05 0.9997 9.998E-05 9.998E-05
