9.998E-05 9.998E-05 9.998E-05 0.9997
9.9982E-05 9.9982E-05 0.0350512 0.964749
9.998E-05 9.998E-05 9.998E-05 0.9997
0.0280941 9.9982E-05 9.9982E-05 0.971706
9.998E-05 9.998E-05 9.998E-05 0.9997
9.998E-05 9.998E-05 9.998E-05 0.9997
9.998E-05 9.998E-05 9.998E-05 0.9997
9.998E-05 9.998E-05 9.998E-05 0.9997
0.0510299 9.9991E-05 0.00939069 0.939479
0.0744825 9.9991E-05 0.00885201 0.916565
0.0876061 9.9982E-05 9.9982E-05 0.912194
0.0326256 9.9982E-05 9.9982E-05 0.967174
9.998E-05 9.998E-05 9.998E-05 0.9997
0.091475 9.9982E-05 9.9982E-05 0.908325
9.998E-05 9.998E-05 9.998E-05 0.9997
9.998E-05 9.998E-05 9.998E-05 0.9997
9.998E-05 9.998E-05 0.9997 9.998E-05
0.539048 0.184379 0.154078 0.122495
0.752737 9.9991E-05 0.185088 0.062075
9.998E-05 9.998E-05 0.9997 9.998E-05
0.923483 9.9982E-05 9.9982E-05 0.0763166
0.297124 0.044967 0.47818 0.179728
0.348108 0.0445043 0.369038 0.23835
0.737418 0.0573893 0.205092 9.9991E-05
9.9982E-05 0.159631 0.840169 9.9982E-05
0.927713 9.9991E-05 0.0508195 0.0213673
0.0470085 0.226573 0.479708 0.24671
0.920049 9.9982E-05 9.9982E-05 0.0797515
0.484598 9.9982E-05 0.515202 9.9982E-05
0.450259 9.9982E-05 0.549541 9.9982E-05
0.839669 0.160131 9.9982E-05 9.9982E-05
0.690134 0.202827 9.9991E-05 0.106939
0.172694 0.174499 0.555156 0.0976517
0.85311 0.035789 9.9991E-05 0.111001
0.0305832 0.969217 9.9982E-05 9.9982E-05
9.998E-05 0.9997 9.998E-05 9.998E-05
0.0197226 0.980077 9.9982E-05 9.9982E-05
9.998E-05 0.9997 9.998E-05 9.998E-05
9.9982E-05 0.949083 0.0507175 9.9982E-05
9.9982E-05 0.934735 0.0650646 9.9982E-05
9.9982E-05 0.939808 0.0599917 9.9982E-05
9.998E-05 0.9997 9.998E-05 9.998E-05
9.998E-05 0.9997 9.998E-05 9.998E-05
0.0409905 0.95881 9.9982E-05 9.9982E-05
0.00605745 0.993743 9.9982E-05 9.9982E-05
9.998E-05 0.9997 9.998E-05 9.998E-05
0.0425865 0.957213 9.9982E-05 9.9982E-05
0.143508 0.856292 9.9982E-05 9.9982E-05
9.998E-05 0.9997 9.998E-05 9.998E-05
9.998E-05 0.9997 9.998E-05 9.998E-05
