9.9982E-05 0.00620707 0.993593 9.9982E-05
9.9982E-05 0.0328195 0.966981 9.9982E-05
9.998E-05 9.998E-05 0.9997 9.998E-05
9.9982E-05 0.0157103 0.98409 9.9982E-05
9.998E-05 9.998E-05 0.9997 9.998E-05
9.998E-05 9.998E-05 0.9997 9.998E-05
9.998E-05 9.998E-05 0.9997 9.998E-05
9.998E-05 9.998E-05 0.9997 9.998E-05
0.0722562 9.9982E-05 0.927544 9.9982E-05
0.0726739 9.9982E-05 0.927126 9.9982E-05
0.045415 0.00835192 0.946133 9.9991E-05
0.0333998 9.9982E-05 0.9664 9.9982E-05
9.998E-05 9.998E-05 0.9997 9.998E-05
9.9982E-05 0.0596457 0.940154 9.9982E-05
9.998E-05 9.998E-05 0.9997 9.998E-05
9.998E-05 9.998E-05 0.9997 9.998E-05
9.9982E-05 0.95756 9.9982E-05 0.0422398
0.394311 0.311913 0.142217 0.151559
0.947499 9.9982E-05 0.0523007 9.9982E-05
9.998E-05 0.9997 9.998E-05 9.998E-05
0.729346 0.211166 0.0593877 9.9991E-05
0.447521 0.309458 0.180654 0.0623668
9.9991E-05 0.752912 0.246787 0.000200663
0.235091 0.73122 9.9991E-05 0.0335887
9.9982E-05 0.797643 9.9982E-05 0.202157
0.708477 0.263335 0.0280884 9.9991E-05
0.387189 0.128323 0.243194 0.241294
0.917457 9.9982E-05 0.0823431 9.9982E-05
0.262918 0.736882 9.9982E-05 9.9982E-05
0.0790085 0.890389 0.0104962 0.0201064
0.881913 9.9982E-05 9.9982E-05 0.117887
0.72494 9.9991E-05 0.0821122 0.192847
0.0601145 0.657171 0.100719 0.181995
0.900301 9.9991E-05 0.0876348 0.0119641
0.0447768 9.9982E-05 9.9982E-05 0.955023
9.998E-05 9.998E-05 9.998E-05 0.9997
0.0142921 9.9982E-05 9.9982E-05 0.985508
9.998E-05 9.998E-05 9.998E-05 0.9997
9.9982E-05 0.0662226 9.9982E-05 0.933577
9.9982E-05 0.0412417 9.9982E-05 0.958558
9.9982E-05 0.0503338 9.9982E-05 0.949466
9.998E-05 9.998E-05 9.998E-05 0.9997
9.998E-05 9.998E-05 9.998E-05 0.9997
0.0566105 9.9982E-05 9.9982E-05 0.943189
9.9982E-05 0.0332383 9.9982E-05 0.966562
9.998E-05 9.998E-05 9.998E-05 0.9997
0.0298373 0.00139686 9.9991E-05 0.968666
0.0916456 0.0126194 9.9991E-05 0.895635
9.998E-05 9.998E-05 9.998E-05 0.9997
9.998E-05 9.998E-05 9.998E-05 0.9997
