9.999E-05 0.9998 9.999E-05
9.999E-05 0.96361 0.0362902
9.999E-05 0.9998 9.999E-05
9.999E-05 0.9998 9.999E-05
9.999E-05 0.9998 9.999E-05
9.999E-05 0.9998 9.999E-05
9.999E-05 0.9998 9.999E-05
9.999E-05 0.9998 9.999E-05
9.9991E-05 0.97402 0.02588
9.9991E-05 0.940613 0.0592874
9.9991E-05 0.916389 0.0835113
9.9991E-05 0.984127 0.0157732
9.999E-05 0.9998 9.999E-05
9.9991E-05 0.950778 0.0491218
0.00210041 0.9978 9.9991E-05
9.999E-05 0.9998 9.999E-05
0.115863 0.0758491 0.808288
0.197051 0.145111 0.657838
0.0115361 0.0962692 0.892195
0.0133806 0.0249222 0.961697
9.9991E-05 0.0875843 0.912316
0.1036 0.207105 0.689295
0.0780389 0.28948 0.632482
0.0731189 9.9991E-05 0.926781
0.255586 0.0202364 0.724178
9.9991E-05 0.0483 0.9516
0.269652 0.265753 0.464595
9.9991E-05 0.11088 0.88902
0.0227526 9.9991E-05 0.977147
0.0584274 0.0503212 0.891251
0.179495 9.9991E-05 0.820405
0.223595 0.13989 0.636516
0.259681 0.138427 0.601891
0.0795319 0.133847 0.786621
0.980691 0.0014591 0.0178496
0.9998 9.999E-05 9.999E-05
0.992085 0.00781495 9.9991E-05
0.9998 9.999E-05 9.999E-05
0.985946 9.9991E-05 0.0139537
0.967555 9.9991E-05 0.0323454
0.976355 9.9991E-05 0.0235446
0.9998 9.999E-05 9.999E-05
0.9998 9.999E-05 9.999E-05
0.983659 9.9991E-05 0.0162407
0.964318 9.9991E-05 0.0355816
0.9998 9.999E-05 9.999E-05
0.982595 9.9991E-05 0.0173049
0.883522 9.9991E-05 0.116378
0.9998 9.999E-05 9.999E-05
0.9998 9.999E-05 9.999E-05
