0.9998 9.999E-05 9.999E-05
0.984223 9.9991E-05 0.0156767
0.9998 9.999E-05 9.999E-05
0.987172 0.00996843 0.00285952
0.9998 9.999E-05 9.999E-05
0.9998 9.999E-05 9.999E-05
0.9998 9.999E-05 9.999E-05
0.9998 9.999E-05 9.999E-05
0.956421 9.9991E-05 0.0434787
0.956087 9.9991E-05 0.0438132
0.942931 9.9991E-05 0.0569688
0.981965 9.9991E-05 0.0179352
0.997374 9.9991E-05 0.00252634
0.951434 9.9991E-05 0.0484659
0.9998 9.999E-05 9.999E-05
0.9998 9.999E-05 9.999E-05
0.0771182 0.123663 0.799218
0.155179 0.171153 0.673668
0.105796 0.0300764 0.864128
0.0220899 9.9991E-05 0.97781
0.100952 9.9991E-05 0.898948
0.219737 0.117156 0.663107
0.290459 0.0847333 0.624807
9.9991E-05 0.0741421 0.925758
0.032715 0.253852 0.713433
0.0741299 9.9991E-05 0.92577
0.300898 0.262795 0.436306
0.122682 9.9991E-05 0.877218
0.0251115 0.0179805 0.956908
0.0400577 0.034655 0.925287
9.9991E-05 0.144243 0.855657
0.117937 0.232173 0.64989
0.117464 0.270759 0.611777
0.129641 0.0693255 0.801033
0.0088466 0.981872 0.00928153
9.999E-05 0.9998 9.999E-05
0.00191153 0.99129 0.00679802
9.999E-05 0.9998 9.999E-05
9.9991E-05 0.97531 0.0245903
9.9991E-05 0.975158 0.0247422
9.9991E-05 0.977976 0.0219241
9.999E-05 0.9998 9.999E-05
9.999E-05 0.9998 9.999E-05
0.000424306 0.999476 9.9991E-05
9.9991E-05 0.976803 0.0230973
0.000585182 0.999315 9.9991E-05
9.9991E-05 0.986934 0.0129656
9.9991E-05 0.876347 0.123553
9.999E-05 0.9998 9.999E-05
9.999E-05 0.9998 9.999E-05
