9.9982E-05 0.993713 0.00608701 9.9982E-05
0.0468367 0.952963 9.9982E-05 9.9982E-05
9.998E-05 0.9997 9.998E-05 9.998E-05
0.0240135 0.975787 9.9982E-05 9.9982E-05
9.998E-05 0.9997 9.998E-05 9.998E-05
9.998E-05 0.9997 9.998E-05 9.998E-05
9.998E-05 0.9997 9.998E-05 9.998E-05
9.998E-05 0.9997 9.998E-05 9.998E-05
9.9982E-05 0.931173 9.9982E-05 0.0686275
9.9982E-05 0.92293 9.9982E-05 0.0768703
0.0250716 0.919003 9.9991E-05 0.0558255
9.9982E-05 0.969423 9.9982E-05 0.0303773
0.000269563 0.99953 9.9982E-05 9.9982E-05
0.0113311 0.939756 9.9991E-05 0.0488126
9.998E-05 0.9997 9.998E-05 9.998E-05
9.998E-05 0.9997 9.998E-05 9.998E-05
0.952098 0.0227411 0.0250605 9.9991E-05
0.297502 0.115594 0.15443 0.432474
0.0451044 0.029823 9.9991E-05 0.924973
0.9997 9.998E-05 9.998E-05 9.998E-05
0.186672 0.0589957 9.9991E-05 0.754232
0.295487 0.163976 0.0708575 0.469679
0.717369 0.265841 0.01669 9.9991E-05
0.696836 9.9991E-05 0.0311336 0.271931
0.82223 9.9982E-05 0.17757 9.9982E-05
0.207676 9.9982E-05 9.9982E-05 0.792124
0.283085 0.252723 0.261534 0.202659
9.9982E-05 0.0316835 9.9982E-05 0.968117
0.689578 9.9982E-05 9.9982E-05 0.310222
0.827159 9.9982E-05 9.9982E-05 0.172641
9.9982E-05 9.9982E-05 0.135778 0.864022
9.9991E-05 0.0897205 0.200881 0.709299
0.671026 0.125263 0.203612 9.9991E-05
9.9991E-05 0.0404658 0.0268094 0.932625
9.9982E-05 9.9982E-05 0.951724 0.0480758
9.998E-05 9.998E-05 0.9997 9.998E-05
9.9982E-05 9.9982E-05 0.976763 0.0230373
9.998E-05 9.998E-05 0.9997 9.998E-05
0.0669009 9.9982E-05 0.932899 9.9982E-05
0.0569821 9.9982E-05 0.942818 9.9982E-05
0.0576349 9.9982E-05 0.942165 9.9982E-05
9.998E-05 9.998E-05 0.9997 9.998E-05
9.998E-05 9.998E-05 0.9997 9.998E-05
9.9982E-05 9.9982E-05 0.960778 0.039022
0.0141148 9.9991E-05 0.980079 0.00570635
9.998E-05 9.998E-05 0.9997 9.998E-05
9.9982E-05 9.9982E-05 0.960157 0.039643
0.018399 9.9991E-05 0.885562 0.0959386
9.998E-05 9.998E-05 0.9997 9.998E-05
9.998E-05 9.998E-05 0.9997 9.998E-05
