0.9795 9.9982E-05 9.9982E-05 0.0203001
0.959997 9.9982E-05 9.9982E-05 0.039803
0.9997 9.998E-05 9.998E-05 9.998E-05
0.985257 9.9991E-05 0.000777102 0.0138658
0.9997 9.998E-05 9.998E-05 9.998E-05
0.994355 0.00468831 0.000856479 9.9991E-05
0.9997 9.998E-05 9.998E-05 9.998E-05
0.9997 9.998E-05 9.998E-05 9.998E-05
0.922195 0.077605 9.9982E-05 9.9982E-05
0.911714 0.0880864 9.9982E-05 9.9982E-05
0.942012 0.0443555 9.9991E-05 0.0135328
0.939953 0.059847 9.9982E-05 9.9982E-05
0.9997 9.998E-05 9.998E-05 9.998E-05
0.925895 0.0739054 9.9982E-05 9.9982E-05
0.9997 9.998E-05 9.998E-05 9.998E-05
0.9997 9.998E-05 9.998E-05 9.998E-05
0.0343736 0.0836941 0.0704699 0.811462
0.152573 0.5041 0.158455 0.184873
0.0268803 0.97292 9.9982E-05 9.9982E-05
9.998E-05 9.998E-05 9.998E-05 0.9997
0.0674367 0.586667 9.9991E-05 0.345796
0.183418 0.0685496 0.0833651 0.664667
0.248061 9.9991E-05 0.0207693 0.731069
9.9991E-05 0.611678 0.0340234 0.354199
9.9991E-05 0.391575 0.212894 0.395431
0.0263593 0.146467 9.9991E-05 0.827074
0.240278 0.119434 0.247356 0.392933
0.0566644 0.943136 9.9982E-05 9.9982E-05
9.9982E-05 0.247886 9.9982E-05 0.751914
0.000356662 0.548785 0.0107603 0.440098
9.9982E-05 0.884393 0.115407 9.9982E-05
0.0929364 0.0462961 0.191363 0.669404
0.119433 0.133491 0.202393 0.544684
0.0821561 0.917644 9.99826E-05 9.99826E-05
9.9982E-05 9.9982E-05 0.955987 0.0438127
9.9982E-05 9.9982E-05 0.988339 0.0114613
9.9982E-05 9.9982E-05 0.931611 0.0681889
9.998E-05 9.998E-05 0.9997 9.998E-05
9.9982E-05 9.9982E-05 0.949523 0.0502772
9.9982E-05 9.9982E-05 0.964456 0.0353442
9.9982E-05 9.9982E-05 0.930353 0.0694472
9.998E-05 9.998E-05 0.9997 9.998E-05
9.9982E-05 0.0221892 0.977611 9.9982E-05
9.9982E-05 0.0441234 0.955677 9.9982E-05
9.9991E-05 0.0253595 0.963215 0.0113256
9.9982E-05 9.9982E-05 0.99201 0.00778955
9.9982E-05 0.019513 0.980287 9.9982E-05
9.9982E-05 0.122034 0.877766 9.9982E-05
9.998E-05 9.998E-05 0.9997 9.998E-05
9.998E-05 9.998E-05 0.9997 9.998E-05
