0.9998 9.999E-05 9.999E-05
0.9867 0.0114806 0.00181941
0.9998 9.999E-05 9.999E-05
0.967109 0.0327913 9.9991E-05
0.9998 9.999E-05 9.999E-05
0.9998 9.999E-05 9.999E-05
0.9998 9.999E-05 9.999E-05
0.9998 9.999E-05 9.999E-05
0.95854 0.0413602 9.9991E-05
0.936266 0.0636341 9.9991E-05
0.922188 0.0777119 9.9991E-05
0.964894 0.0350057 9.9991E-05
0.9998 9.999E-05 9.999E-05
0.954612 0.0452881 9.9991E-05
0.9998 9.999E-05 9.999E-05
0.9998 9.999E-05 9.999E-05
0.0711058 0.814275 0.114619
0.138988 0.684567 0.176445
0.120815 0.852687 0.0264984
0.0260911 0.973809 9.9991E-05
0.0934186 0.906481 9.9991E-05
0.210173 0.701598 0.0882285
0.299453 0.626703 0.0738444
9.9991E-05 0.894158 0.105742
0.0213095 0.721945 0.256746
0.0686858 0.931214 9.9991E-05
0.282147 0.440941 0.276912
0.12014 0.87976 9.9991E-05
0.0119378 0.959215 0.0288471
0.00748731 0.951892 0.0406212
9.9991E-05 0.828266 0.171634
0.139227 0.63271 0.228063
0.126215 0.616226 0.257559
0.134686 0.811041 0.054273
9.9991E-05 0.0141413 0.985759
9.999E-05 9.999E-05 0.9998
9.9991E-05 0.0191623 0.980738
9.999E-05 9.999E-05 0.9998
9.9991E-05 0.0192443 0.980656
9.9991E-05 0.0315571 0.968343
9.9991E-05 0.0358562 0.964044
9.999E-05 9.999E-05 0.9998
9.999E-05 9.999E-05 0.9998
9.999E-05 9.999E-05 0.9998
9.9991E-05 0.00956534 0.990335
9.999E-05 9.999E-05 0.9998
9.9991E-05 0.0124136 0.987486
9.9991E-05 0.113089 0.886811
9.999E-05 9.999E-05 0.9998
9.999E-05 9.999E-05 0.9998
