0.00371149 9.999E-05 0.996189
0.0183285 9.9991E-05 0.981572
9.999E-05 9.999E-05 0.9998
0.0124724 9.9991E-05 0.987428
9.999E-05 9.999E-05 0.9998
9.999E-05 9.999E-05 0.9998
9.999E-05 9.999E-05 0.9998
9.999E-05 9.999E-05 0.9998
0.0542054 9.9991E-05 0.945695
0.065767 9.9991E-05 0.934133
0.0589405 9.9991E-05 0.94096
0.031628 9.9991E-05 0.968272
9.999E-05 9.999E-05 0.9998
0.0544904 9.9991E-05 0.94541
9.999E-05 9.999E-05 0.9998
9.999E-05 9.999E-05 0.9998
0.834198 0.114839 0.0509623
0.665826 0.186627 0.147547
0.886178 0.0166122 0.0972097
0.969855 9.9991E-05 0.0300446
0.914207 9.9991E-05 0.0856929
0.727403 0.0652771 0.20732
0.690282 0.0488914 0.260826
0.944845 0.055055 9.9991E-05
0.708692 0.260404 0.0309044
0.956291 9.9991E-05 0.0436088
0.454084 0.273062 0.272854
0.85455 0.00976693 0.135683
0.992511 9.9991E-05 0.0073892
0.873031 0.0706724 0.0562964
0.847558 0.152342 9.9991E-05
0.644483 0.225213 0.130304
0.637263 0.22945 0.133287
0.82889 0.049902 0.121208
0.0343233 0.965577 9.9991E-05
9.999E-05 0.9998 9.999E-05
0.0105501 0.98935 9.9991E-05
9.999E-05 0.9998 9.999E-05
0.0241144 0.975786 9.9991E-05
0.0151819 0.984718 9.9991E-05
0.0232353 0.976665 9.9991E-05
9.999E-05 0.9998 9.999E-05
9.999E-05 0.9998 9.999E-05
9.999E-05 0.9998 9.999E-05
0.0167016 0.983198 9.9991E-05
9.999E-05 0.9998 9.999E-05
0.0318272 0.968073 9.9991E-05
0.0961768 0.903723 9.9991E-05
9.999E-05 0.9998 9.999E-05
9.999E-05 0.9998 9.999E-05
