0.000310519 0.0161576 0.983532
0.032875 9.9991E-05 0.967025
9.999E-05 9.999E-05 0.9998
9.999E-05 9.999E-05 0.9998
9.999E-05 9.999E-05 0.9998
9.999E-05 9.999E-05 0.9998
9.999E-05 9.999E-05 0.9998
9.999E-05 9.999E-05 0.9998
0.0582559 9.9991E-05 0.941644
0.0540538 9.9991E-05 0.945846
0.0789919 9.9991E-05 0.920908
0.0296827 9.9991E-05 0.970217
9.999E-05 9.999E-05 0.9998
0.0489638 9.9991E-05 0.950936
9.999E-05 9.999E-05 0.9998
9.999E-05 9.999E-05 0.9998
0.81921 0.126963 0.0538273
0.647659 0.185772 0.166569
0.858078 0.043495 0.0984269
0.988847 0.00456152 0.00659109
0.893401 9.9991E-05 0.106499
0.701189 0.0839085 0.214903
0.645476 0.0622818 0.292242
0.92814 0.0717597 9.9991E-05
0.722451 0.259066 0.0184832
0.928709 9.9991E-05 0.071191
0.465777 0.273245 0.260978
0.846179 0.0158294 0.137991
0.953197 0.0226743 0.0241292
0.907339 0.0336006 0.0590607
0.856185 0.143715 9.9991E-05
0.651003 0.231028 0.117969
0.582138 0.263702 0.15416
0.796801 0.0407412 0.162458
0.012588 0.987312 9.9991E-05
9.999E-05 0.9998 9.999E-05
0.0108545 0.989045 9.9991E-05
9.999E-05 0.9998 9.999E-05
0.00885417 0.991046 9.9991E-05
0.0260779 0.973822 9.9991E-05
0.0418081 0.958092 9.9991E-05
9.999E-05 0.9998 9.999E-05
9.999E-05 0.9998 9.999E-05
0.00490251 0.994997 9.9991E-05
0.0108869 0.989013 9.9991E-05
9.999E-05 0.9998 9.999E-05
0.0101466 0.986799 0.00305452
0.132352 0.867548 9.9991E-05
9.999E-05 0.9998 9.999E-05
9.999E-05 0.9998 9.999E-05
