9.9982E-05 9.9982E-05 0.0234886 0.976311
9.9982E-05 9.9982E-05 0.0306531 0.969147
9.998E-05 9.998E-05 9.998E-05 0.9997
0.00166616 9.9991E-05 0.0210976 0.977136
9.998E-05 9.998E-05 9.998E-05 0.9997
9.9982E-05 0.000701768 9.9982E-05 0.999098
9.998E-05 9.998E-05 9.998E-05 0.9997
9.998E-05 9.998E-05 9.998E-05 0.9997
9.9982E-05 0.0674602 9.9982E-05 0.93234
9.9982E-05 0.0705329 9.9982E-05 0.929267
9.9982E-05 0.085969 9.9982E-05 0.913831
9.9982E-05 0.0475958 9.9982E-05 0.952204
9.998E-05 9.998E-05 9.998E-05 0.9997
9.9982E-05 0.0601615 9.9982E-05 0.939639
9.998E-05 9.998E-05 9.998E-05 0.9997
9.9982E-05 9.9982E-05 0.00225043 0.99755
0.0203152 9.9991E-05 0.971218 0.00836677
0.151982 0.235132 0.496827 0.11606
0.0188051 0.865577 0.054229 0.0613886
9.998E-05 9.998E-05 0.9997 9.998E-05
9.9991E-05 0.833671 0.111228 0.0550007
0.0480717 0.218065 0.562012 0.171851
0.0307968 0.240498 0.473687 0.255018
0.0706764 0.614536 0.314687 9.9991E-05
0.182555 9.9982E-05 0.817245 9.9982E-05
9.9991E-05 0.949351 0.00930944 0.0412398
0.227457 9.9991E-05 0.522064 0.250379
9.9982E-05 0.921781 9.9982E-05 0.078019
9.9982E-05 0.304242 0.695558 9.9982E-05
0.0251227 0.558236 0.416541 9.9991E-05
0.159177 0.840623 9.9982E-05 9.9982E-05
0.199807 0.692242 9.9991E-05 0.107851
0.228921 0.317846 0.335222 0.118011
0.0482366 0.847832 9.9991E-05 0.103831
0.969267 0.0305331 9.9982E-05 9.9982E-05
0.985586 9.9982E-05 0.0142138 9.9982E-05
0.977406 0.0223943 9.9982E-05 9.9982E-05
0.9997 9.998E-05 9.998E-05 9.998E-05
0.943776 9.9982E-05 0.0560238 9.9982E-05
0.96209 9.9982E-05 0.0377098 9.9982E-05
0.940171 9.9982E-05 0.0596291 9.9982E-05
0.9997 9.998E-05 9.998E-05 9.998E-05
0.9997 9.998E-05 9.998E-05 9.998E-05
0.984569 0.0152311 9.9982E-05 9.9982E-05
0.993483 9.9982E-05 0.00631724 9.9982E-05
0.9997 9.998E-05 9.998E-05 9.998E-05
0.980741 0.019059 9.9982E-05 9.9982E-05
0.872357 0.127443 9.9982E-05 9.9982E-05
0.9997 9.998E-05 9.998E-05 9.998E-05
0.9997 9.998E-05 9.998E-05 9.998E-05
