9.9991E-05 0.989544 0.0103557
0.0351151 0.964785 9.9991E-05
9.999E-05 0.9998 9.999E-05
9.999E-05 0.9998 9.999E-05
9.999E-05 0.9998 9.999E-05
9.999E-05 0.999255 0.000644576
9.999E-05 0.9998 9.999E-05
9.999E-05 0.9998 9.999E-05
0.0314723 0.968428 9.999E-05
0.0835266 0.916373 9.9991E-05
0.066806 0.933094 9.9991E-05
0.0426438 0.957256 9.9991E-05
9.999E-05 0.9998 9.999E-05
0.0447888 0.955111 9.9991E-05
9.999E-05 0.9998 9.999E-05
9.999E-05 0.9998 9.999E-05
0.804858 0.0674558 0.127686
0.647896 0.159749 0.192355
0.872838 0.0920699 0.0350921
0.985747 0.0141529 9.9991E-05
0.920635 0.0792651 9.9991E-05
0.696746 0.197752 0.105502
0.633456 0.287051 0.0794931
0.899881 9.9991E-05 0.100019
0.693508 0.0382255 0.268267
0.938799 0.0611011 9.9991E-05
0.463129 0.268464 0.268407
0.861494 0.135368 0.00313821
0.9998 9.999E-05 9.999E-05
0.875857 0.0413707 0.0827728
0.82837 9.9991E-05 0.17153
0.607489 0.130477 0.262034
0.586145 0.158584 0.255272
0.805015 0.131642 0.0633424
0.0322426 9.9991E-05 0.967657
9.999E-05 9.999E-05 0.9998
9.999E-05 9.999E-05 0.9998
9.999E-05 9.999E-05 0.9998
0.0174094 9.9991E-05 0.982491
0.0105781 9.9991E-05 0.989322
0.0176689 9.9991E-05 0.982231
9.999E-05 9.999E-05 0.9998
9.999E-05 9.999E-05 0.9998
9.999E-05 9.999E-05 0.9998
0.0188167 9.9991E-05 0.981083
9.999E-05 9.999E-05 0.9998
0.0124892 9.9991E-05 0.987411
0.114704 9.9991E-05 0.885196
9.999E-05 9.999E-05 0.9998
9.999E-05 9.999E-05 0.9998
