0.0105445 0.987459 0.0018962 9.9991E-05
0.0348807 0.964919 9.9982E-05 9.9982E-05
9.998E-05 0.9997 9.998E-05 9.998E-05
0.00605259 0.993747 9.9982E-05 9.9982E-05
9.998E-05 0.9997 9.998E-05 9.998E-05
9.998E-05 0.9997 9.998E-05 9.998E-05
9.998E-05 0.9997 9.998E-05 9.998E-05
9.998E-05 0.9997 9.998E-05 9.998E-05
9.9982E-05 0.943379 9.9982E-05 0.0564215
9.9982E-05 0.933123 9.9982E-05 0.0666774
9.9982E-05 0.919719 9.9982E-05 0.0800812
9.9982E-05 0.96142 9.9982E-05 0.0383798
9.998E-05 0.9997 9.998E-05 9.998E-05
9.9982E-05 0.931937 9.9982E-05 0.0678633
9.9982E-05 0.997364 0.00243611 9.9982E-05
9.998E-05 0.9997 9.998E-05 9.998E-05
0.995869 0.00393128 9.9982E-05 9.9982E-05
0.336606 0.121701 0.164609 0.377084
0.115383 0.0670799 9.9991E-05 0.817437
0.9997 9.998E-05 9.998E-05 9.998E-05
0.0842024 0.0644713 9.9991E-05 0.851226
0.528597 0.189587 0.0182361 0.26358
0.416944 0.280184 0.0236563 0.279216
0.304762 9.9991E-05 0.033966 0.661172
0.843408 9.9982E-05 0.156392 9.9982E-05
0.013388 0.0280823 9.9991E-05 0.95843
0.540617 0.243572 0.21571 9.9991E-05
9.9982E-05 0.0713235 9.9982E-05 0.928477
0.528878 9.9982E-05 9.9982E-05 0.470922
0.426614 9.9991E-05 0.00312366 0.570162
9.9982E-05 9.9982E-05 0.158879 0.840921
9.9991E-05 0.119462 0.218715 0.661723
0.351998 0.0949359 0.20847 0.344596
9.9991E-05 0.0849478 0.0453478 0.869604
9.9982E-05 9.9982E-05 0.976905 0.0228952
0.0145184 9.9982E-05 0.985282 9.9982E-05
9.9982E-05 9.9982E-05 0.981421 0.0183794
9.998E-05 9.998E-05 0.9997 9.998E-05
0.0625689 9.9982E-05 0.937231 9.9982E-05
0.0519125 9.9982E-05 0.947888 9.9982E-05
0.0871199 9.9982E-05 0.91268 9.9982E-05
9.998E-05 9.998E-05 0.9997 9.998E-05
9.998E-05 9.998E-05 0.9997 9.998E-05
9.9982E-05 9.9982E-05 0.947293 0.052507
0.0333955 9.9982E-05 0.966405 9.9982E-05
9.998E-05 9.998E-05 0.9997 9.998E-05
9.9982E-05 9.9982E-05 0.95911 0.04069
9.9982E-05 9.9982E-05 0.849701 0.150099
9.998E-05 9.998E-05 0.9997 9.998E-05
9.998E-05 9.998E-05 0.9997 9.998E-05
