0.996983 9.9991E-05 0.00291672
0.970643 0.0292569 9.9991E-05
0.9998 9.999E-05 9.999E-05
0.9998 9.999E-05 9.999E-05
0.9998 9.999E-05 9.999E-05
0.9998 9.999E-05 9.999E-05
0.9998 9.999E-05 9.999E-05
0.9998 9.999E-05 9.999E-05
0.955495 0.044405 9.999E-05
0.933251 0.0666486 9.9991E-05
0.937366 0.0625343 9.9991E-05
0.967339 0.0325609 9.9991E-05
0.9998 9.999E-05 9.999E-05
0.94475 0.0551501 9.9991E-05
0.9998 9.999E-05 9.999E-05
0.9998 9.999E-05 9.999E-05
0.0494283 0.823115 0.127456
0.150504 0.670509 0.178987
0.078364 0.903784 0.0178516
0.00788275 0.983393 0.00872422
0.0866567 0.913243 9.9991E-05
0.200762 0.710998 0.0882402
0.283033 0.646757 0.07021
9.9991E-05 0.905349 0.0945505
0.0086762 0.743668 0.247655
0.0445479 0.955352 9.9991E-05
0.267339 0.462053 0.270608
0.111179 0.888721 9.9991E-05
0.000274474 0.978894 0.0208311
0.0148172 0.909286 0.0758967
9.9991E-05 0.83418 0.16572
0.134185 0.653254 0.212561
0.138349 0.589578 0.272073
0.131879 0.811097 0.0570232
9.9991E-05 0.0360582 0.963842
9.999E-05 9.999E-05 0.9998
9.9991E-05 0.0171876 0.982712
9.999E-05 9.999E-05 0.9998
9.9991E-05 0.0231258 0.976774
9.9991E-05 0.0324665 0.967433
9.9991E-05 0.0358051 0.964095
9.999E-05 9.999E-05 0.9998
9.999E-05 9.999E-05 0.9998
0.00637997 0.0113547 0.982265
9.999E-05 9.999E-05 0.9998
9.999E-05 9.999E-05 0.9998
9.9991E-05 0.0167001 0.9832
9.9991E-05 0.0908921 0.909008
9.999E-05 9.999E-05 0.9998
9.999E-05 9.999E-05 0.9998
