0.00838823 9.9991E-05 0.00856253 0.982949
0.0281131 9.9982E-05 9.9982E-05 0.971687
9.998E-05 9.998E-05 9.998E-05 0.9997
9.998E-05 9.998E-05 9.998E-05 0.9997
9.998E-05 9.998E-05 9.998E-05 0.9997
9.998E-05 9.998E-05 9.998E-05 0.9997
9.998E-05 9.998E-05 9.998E-05 0.9997
9.998E-05 9.998E-05 9.998E-05 0.9997
9.9982E-05 0.074102 9.9982E-05 0.925698
9.9982E-05 0.0692545 9.9982E-05 0.930546
0.000642163 0.0974516 9.9991E-05 0.901806
0.00309746 0.0221397 9.9991E-05 0.974663
9.998E-05 9.998E-05 9.998E-05 0.9997
9.9982E-05 0.0791267 9.9982E-05 0.920673
9.998E-05 9.998E-05 9.998E-05 0.9997
9.998E-05 9.998E-05 9.998E-05 0.9997
0.9997 9.998E-05 9.998E-05 9.998E-05
0.398827 0.328292 0.155512 0.117369
0.146173 0.775177 0.0269053 0.0517446
0.9997 9.998E-05 9.998E-05 9.998E-05
0.129756 0.81862 9.9991E-05 0.0515248
0.531415 0.250406 0.0309206 0.187258
0.609583 0.11692 0.0161831 0.257315
0.598691 0.363825 0.0373839 9.9991E-05
0.836194 9.9982E-05 0.163606 9.9982E-05
0.0507409 0.93504 9.9991E-05 0.0141192
0.498309 0.0281042 0.239038 0.234549
9.9982E-05 0.945918 9.9982E-05 0.0538822
0.536012 0.463788 9.9982E-05 9.9982E-05
0.676676 0.323125 9.9982E-05 9.9982E-05
9.9982E-05 0.86521 0.13459 9.9982E-05
9.9991E-05 0.704036 0.209604 0.0862602
0.54464 0.125025 0.209034 0.121301
9.9991E-05 0.900984 0.0164772 0.0824392
9.9982E-05 0.0549845 0.944816 9.9982E-05
0.00146844 9.9982E-05 0.998332 9.9982E-05
9.9982E-05 0.0273206 0.972479 9.9982E-05
9.998E-05 9.998E-05 0.9997 9.998E-05
0.0613383 9.9982E-05 0.938462 9.9982E-05
0.0513591 9.9982E-05 0.948441 9.9982E-05
0.0631236 9.9982E-05 0.936676 9.9982E-05
9.998E-05 9.998E-05 0.9997 9.998E-05
9.998E-05 9.998E-05 0.9997 9.998E-05
9.9982E-05 0.0292931 0.970507 9.9982E-05
0.0276782 9.9982E-05 0.972122 9.9982E-05
9.998E-05 9.998E-05 0.9997 9.998E-05
9.9982E-05 0.0439452 0.955855 9.9982E-05
9.9982E-05 0.153704 0.846096 9.9982E-05
9.998E-05 9.998E-05 0.9997 9.998E-05
9.998E-05 9.998E-05 0.9997 9.998E-05
